0001100111101010111
1100001101
11000100
0001101110
101011001100001
111011000101110100
1110010000011001
100
0100101110
1010100110100101111111110001
000101101001
01001101010010001001110100011
00011011010000101
00001011000
101001101110000000110000
00001
000101101101000000
100101000111100001101
111101011011000001
11011
1010110100010100
011000
0111100010
100111100
11101101011001111010
1111111001000010001111100
00110111111011010111
01011011010
111100011111000100101
11001011010001101000
110011011101011100110001000
11110010111001110100001
10111111100
111111100011110001110010
101011
1001111001000011100000
111000111011010
01010001001100110
000011110
100000100110110001
010100000100101100
0100000010001111
101011000
00001001001110101100010001
1011000
101000111
01110011001101010110
1000111001011010
011110010011100010001
011000111010110101101
00001
0011011101011111101
000101
1100100101
110111000101011101
00001110
1001100010100
01001010001110110000
101011000111101001
01111011001101101101
1010000111
00100
11010001100111001
1101000011100111
111000011
0000101110
11011
00100101101111001010111110
010000011010101001110110100111
01011101100011001101
0001110010111
001011000011111010111001
000100111100011110100
1000000100011
10100001110
111100
00001001010
0100000010011
10101101000110
0111011
111110011100
1100111111010
01101001100100111
01101010000
1000111100011101001
10101100010000011
110001100101100000
001100101111001001
1110100010010011100
101
11100101011000
100010011010
00001110101
110100001111
101001110000000
11000101010010
00110111100010
111001100000
1010100001
11001011001111011
1100011
110000100010010011
110111111100
000111101100100000011011101001
0101000101110
00010110111111011
111000110000
01000101001
01100000111000110001
01101001111110111010100
0111010010011
11010000000100000
1111101001100101
000110000110100
01110110100
101110111110101101111000
00001110001011010100
1101111111001010
000001011010100
110011010
1000100011000101011
111000000111100100
101101000010110010111000000
10101100101000011011
00000000110101101
11011000010111000100
1011000001001111
010011101000
001101
0000110011111
1001101001110100000000
1101111100100010011
10000011111110111100001
0101001011101000
001010001
1100101010011010
0011100011010101
1110000101100110100
1000010011011110110
110111101101001101001
11111011101
110010010
110100010100010110100001
01000010110111010001
01010111100010
111011000011100
011101100110
1100010100111110100100
110100001000101011
01110110111111011011100100
01111000000101110110
101101010
100101101
011111000
0111111101000
00011011111
111001110111100110
0111111110010110
01000101010111
00001010111
000011010010100100101110110
1011000110100
10001
10111011000
0000101
11100010111011
111101010100
1000101101
01101101000000
01111011001
11111111110100110101110
10111100100011111
01100011010010100101010010
111011010011100
000101101
01000101111100011001
101101110010101011101001
11001001100
011101001101100010110
0100000110101
1111010001010
1110100100010
01111000000
00001110000110010011
000111011110010011
00100101101111111111010
001111010000010101110
0001101110011000111011
0110111000001100
0110000110100101110101000111
000000100001
00100001110001011111
01101010010
111111000
1001010011
10011000100101
00101100100101100010010011011
00110001011101001000111
100101111011010011
01011111001
