Lokaty (kwota)	Wartość po roku
23435		25 309,80 zł
37985		41 403,65 zł
23527		25 409,16 zł
8383		8 885,98 zł
18588		19 889,16 zł
38595		42 068,55 zł
61585		68 359,35 zł
48277		53 104,70 zł
59183		65 693,13 zł
8028		8 509,68 zł
8560		9 073,60 zł
16307		17 448,49 zł
48573		53 430,30 zł
68876		76 452,36 zł
21877		23 627,16 zł
5116		5 422,96 zł
61101		67 822,11 zł
75606		83 922,66 zł
58525		64 962,75 zł
66645		73 975,95 zł
48798		53 677,80 zł
44528		48 980,80 zł
57268		63 567,48 zł
26845		28 992,60 zł
57910		64 280,10 zł
46541		51 195,10 zł
64681		71 795,91 zł
75468		83 769,48 zł
62207		69 049,77 zł
6839		7 249,34 zł
64669		71 782,59 zł
43023		47 325,30 zł
21768		23 509,44 zł
563		596,78 zł
69335		76 961,85 zł
44131		48 544,10 zł
72224		80 168,64 zł
13829		14 797,03 zł
39613		43 178,17 zł
40430		44 473,00 zł
10225		10 940,75 zł
692		733,52 zł
31311		34 128,99 zł
58358		64 777,38 zł
14194		15 187,58 zł
63252		70 209,72 zł
36881		40 200,29 zł
30590		33 343,10 zł
58415		64 840,65 zł
36726		40 031,34 zł
79065		87 762,15 zł
32003		34 883,27 zł
54098		60 048,78 zł
71402		79 256,22 zł
60056		66 662,16 zł
4819		5 108,14 zł
602		638,12 zł
66631		73 960,41 zł
10138		10 847,66 zł
3860		4 091,60 zł
33845		36 891,05 zł
23511		25 391,88 zł
52924		58 745,64 zł
64079		71 127,69 zł
79321		88 046,31 zł
24566		26 531,28 zł
25644		27 695,52 zł
46188		50 806,80 zł
65455		72 655,05 zł
77740		86 291,40 zł
77025		85 497,75 zł
32760		35 708,40 zł
9801		10 389,06 zł
18596		19 897,72 zł
69793		77 470,23 zł
22708		24 524,64 zł
42628		46 890,80 zł
63239		70 195,29 zł
5251		5 566,06 zł
19304		20 655,28 zł
76636		85 065,96 zł
49199		54 118,90 zł
73984		82 122,24 zł
50591		56 156,01 zł
51159		56 786,49 zł
71296		79 138,56 zł
56366		62 566,26 zł
10471		11 203,97 zł
22091		23 858,28 zł
28275		30 537,00 zł
59123		65 626,53 zł
73406		81 480,66 zł
50770		56 354,70 zł
78505		87 140,55 zł
20957		22 633,56 zł
6289		6 666,34 zł
268		284,08 zł
1000		1 060,00 zł
69132		76 736,52 zł
71517		79 383,87 zł
71249		79 086,39 zł
49556		54 511,60 zł
36545		39 834,05 zł
74113		82 265,43 zł
60472		67 123,92 zł
14520		15 536,40 zł
28046		30 289,68 zł
79936		88 728,96 zł
36109		39 358,81 zł
42336		46 569,60 zł
64550		71 650,50 zł
6342		6 722,52 zł
76170		84 548,70 zł
23751		25 651,08 zł
7756		8 221,36 zł
24673		26 646,84 zł
67375		74 786,25 zł
43911		48 302,10 zł
19276		20 625,32 zł
12423		13 292,61 zł
78517		87 153,87 zł
16941		18 126,87 zł
25374		27 403,92 zł
76189		84 569,79 zł
27099		29 266,92 zł
39916		43 508,44 zł
50075		55 583,25 zł
14918		15 962,26 zł
11502		12 307,14 zł
5009		5 309,54 zł
53818		59 737,98 zł
43242		47 566,20 zł
18681		19 988,67 zł
52956		58 781,16 zł
54442		60 430,62 zł
34208		37 286,72 zł
14249		15 246,43 zł
51489		57 152,79 zł
26005		28 085,40 zł
38848		42 344,32 zł
77453		85 972,83 zł
10490		11 224,30 zł
14727		15 757,89 zł
69402		77 036,22 zł
35081		38 238,29 zł
22598		24 405,84 zł
40493		44 542,30 zł
11407		12 205,49 zł
24624		26 593,92 zł
3691		3 912,46 zł
45933		50 526,30 zł
1388		1 471,28 zł
77221		85 715,31 zł
38764		42 252,76 zł
10706		11 455,42 zł
41494		45 643,40 zł
53146		58 992,06 zł
55053		61 108,83 zł
53986		59 924,46 zł
53465		59 346,15 zł
16027		17 148,89 zł
71121		78 944,31 zł
68886		76 463,46 zł
65587		72 801,57 zł
72828		80 839,08 zł
54778		60 803,58 zł
3946		4 182,76 zł
37078		40 415,02 zł
53536		59 424,96 zł
77088		85 567,68 zł
7158		7 587,48 zł
52922		58 743,42 zł
26901		29 053,08 zł
19543		20 911,01 zł
50643		56 213,73 zł
62474		69 346,14 zł
18993		20 322,51 zł
49005		53 905,50 zł
14739		15 770,73 zł
3022		3 203,32 zł
36598		39 891,82 zł
33848		36 894,32 zł
3830		4 059,80 zł
15818		16 925,26 zł
21448		23 163,84 zł
28592		30 879,36 zł
72694		80 690,34 zł
77122		85 605,42 zł
1546		1 638,76 zł
9431		9 996,86 zł
66005		73 265,55 zł
5764		6 109,84 zł
11818		12 645,26 zł
41470		45 617,00 zł
26028		28 110,24 zł
52118		57 850,98 zł
62466		69 337,26 zł
55746		61 878,06 zł
34738		37 864,42 zł
4376		4 638,56 zł
		
Wartość największej lokaty na końcu roku: 88 728,96 zł

